 category_id | product_id | sold_units | revenue_jpy 
-------------+------------+------------+-------------
           1 |        180 |        275 |      756713
           1 |         80 |        275 |      743350
           1 |         40 |        275 |      738015
           2 |         23 |         75 |      229332
           2 |        123 |         75 |      225618
           2 |        163 |         75 |      216084
           3 |        186 |        200 |      619827
           3 |         86 |        200 |      608838
           3 |         26 |        200 |      563810
           4 |         49 |        150 |      422977
           4 |        149 |        150 |      415549
           4 |         89 |        150 |      411184
           5 |        192 |         75 |      225282
           5 |         92 |         75 |      225282
           5 |         32 |         75 |      215748
           6 |         75 |        125 |      382340
           6 |        175 |        125 |      377388
           6 |         35 |        125 |      340707
           7 |         18 |         75 |      213234
           7 |        118 |         75 |      209520
           7 |        158 |         75 |      198748
           8 |          1 |        175 |      458191
           8 |         41 |        175 |      456685
           8 |        181 |        175 |      455179
           9 |          4 |        225 |      611982
           9 |         64 |        225 |      609991
           9 |        164 |        225 |      606277
          10 |         87 |        150 |      451906
          10 |        187 |        150 |      446954
          10 |        147 |        150 |      414638
          11 |         90 |        250 |      647997
          11 |        150 |        250 |      646810
          11 |         50 |        250 |      646810
          12 |         93 |         50 |      158438
          12 |        193 |         50 |      155962
          12 |        133 |         50 |      139804
          13 |        176 |        100 |      291820
          13 |         76 |        100 |      288157
          13 |        116 |        100 |      264405
          14 |        199 |        125 |      366780
          14 |         99 |        125 |      366780
          14 |        139 |        125 |      350890
          15 |        122 |        175 |      462370
          15 |        182 |        175 |      455210
          15 |         22 |        175 |      447718
          16 |         25 |        100 |      309924
          16 |        125 |        100 |      309924
          16 |        165 |        100 |      272656
          17 |         68 |        175 |      508612
          17 |        168 |        175 |      506136
          17 |         28 |        175 |      492939
          18 |        111 |        200 |      608838
          18 |         11 |        200 |      590523
          18 |         51 |        200 |      560096
          19 |         74 |        200 |      581639
          19 |        174 |        200 |      571735
          19 |         14 |        200 |      543886
          20 |        117 |        125 |      336426
          20 |        177 |        125 |      327811
          20 |         17 |        125 |      325437
(60 rows)

 full_name |   month    | revenue | prev_revenue |  diff  | pct_change 
-----------+------------+---------+--------------+--------+------------
 User 1    | 2024-08-01 |   25634 |              |        |           
 User 1    | 2024-10-01 |   47134 |        25634 |  21500 |       83.9
 User 1    | 2024-12-01 |   19134 |        47134 | -28000 |      -59.4
 User 1    | 2025-01-01 |   40634 |        19134 |  21500 |      112.4
 User 1    | 2025-03-01 |   12634 |        40634 | -28000 |      -68.9
(5 rows)

    day     | daily_total | ma_7d  
------------+-------------+--------
 2025-12-01 |       95772 |  95772
 2025-12-02 |      225580 | 160676
 2025-12-03 |      211164 | 177505
 2025-12-04 |      161873 | 173597
 2025-12-05 |      162440 | 171366
 2025-12-06 |      199533 | 176060
 2025-12-07 |      209185 | 180792
 2025-12-08 |       90568 | 180049
 2025-12-10 |       52520 | 155326
 2025-12-11 |      195172 | 153042
 2025-12-12 |       96269 | 143670
 2025-12-13 |      226077 | 152761
 2025-12-14 |      211590 | 154483
 2025-12-15 |      162370 | 147795
(14 rows)

 full_name |    day     | total_jpy | running_cnt | running_total | running_avg 
-----------+------------+-----------+-------------+---------------+-------------
 User 1    | 2024-08-31 |     25634 |           1 |         25634 |       25634
 User 1    | 2024-10-21 |     47134 |           2 |         72768 |       36384
 User 1    | 2024-12-10 |     19134 |           3 |         91902 |       30634
 User 1    | 2025-01-28 |     40634 |           4 |        132536 |       33134
 User 1    | 2025-03-20 |     12634 |           5 |        145170 |       29034
 User 337  | 2024-08-20 |     25563 |           1 |         25563 |       25563
 User 337  | 2024-10-10 |     47063 |           2 |         72626 |       36313
 User 337  | 2024-11-29 |     19063 |           3 |         91689 |       30563
 User 337  | 2025-01-17 |     40563 |           4 |        132252 |       33063
 User 337  | 2025-03-09 |     12563 |           5 |        144815 |       28963
(10 rows)

 country |    plan    | full_name |  started   | rk | drk 
---------+------------+-----------+------------+----+-----
 JP      | enterprise | User 807  | 2024-01-02 |  1 |   1
 JP      | enterprise | User 497  | 2024-01-11 |  2 |   2
 JP      | enterprise | User 24   | 2024-01-13 |  3 |   3
 JP      | free       | User 997  | 2024-01-03 |  1 |   1
 JP      | free       | User 176  | 2024-01-05 |  2 |   2
 JP      | free       | User 259  | 2024-01-14 |  3 |   3
 JP      | free       | User 944  | 2024-01-14 |  3 |   3
 JP      | pro        | User 29   | 2024-01-06 |  1 |   1
 JP      | pro        | User 519  | 2024-01-12 |  2 |   2
 JP      | pro        | User 955  | 2024-01-15 |  3 |   3
 US      | enterprise | User 590  | 2024-02-22 |  1 |   1
 US      | enterprise | User 670  | 2024-10-08 |  2 |   2
 US      | enterprise | User 580  | 2024-11-08 |  3 |   3
 US      | free       | User 360  | 2024-02-14 |  1 |   1
 US      | free       | User 950  | 2024-03-23 |  2 |   2
 US      | free       | User 860  | 2024-04-23 |  3 |   3
 US      | pro        | User 390  | 2024-01-04 |  1 |   1
 US      | pro        | User 400  | 2024-02-21 |  2 |   2
 US      | pro        | User 430  | 2024-03-12 |  3 |   3
(19 rows)

 product_id | first_order | last_order | first_price | last_price 
------------+-------------+------------+-------------+------------
          1 | 2024-03-24  | 2025-10-09 |        2875 |       2670
         50 | 2023-12-31  | 2025-12-26 |        4564 |       2214
        100 | 2024-01-06  | 2025-12-27 |        3840 |       1711
(3 rows)

